Built Point Cloud
Expected: 0.106029
12 0.0977674
16 0.104095
20 0.104184
24 0.105307
28 0.105961
32 0.106777
36 0.104965
40 0.10675
44 0.10506
48 0.105535
52 0.105736
56 0.106334
60 0.105618
64 0.106296
68 0.106088
72 0.106499
76 0.105631
80 0.106169
84 0.105953
88 0.106538
92 0.105985
96 0.106425
100 0.106151
104 0.106187
108 0.105851
112 0.106256
116 0.105604
120 0.106368
124 0.105908
128 0.106191
132 0.106179
136 0.106487
140 0.105874
144 0.106321
148 0.105855
152 0.106326
156 0.106049
160 0.10639
164 0.106009
168 0.106377
172 0.105856
176 0.106307
180 0.105934
184 0.10611
188 0.105974
192 0.106305
196 0.105992
200 0.106335
204 0.105909
208 0.106266
212 0.105954
216 0.10617
220 0.105995
224 0.106372
228 0.105995
232 0.106278
236 0.105955
240 0.106222
244 0.105947
248 0.106226
252 0.1059
256 0.106327
260 0.105976
264 0.106243
268 0.105991
272 0.106248
276 0.105961
280 0.10618
284 0.105987
288 0.106332
292 0.106005
296 0.106253
300 0.105982
304 0.106255
308 0.10591
312 0.106205
316 0.105978
320 0.106187
324 0.106
328 0.106291
332 0.105951
336 0.106268
340 0.105957
344 0.106223
348 0.106003
352 0.106275
356 0.105979
360 0.106239
364 0.105971
368 0.106227
372 0.105959
376 0.10617
380 0.105941
384 0.106239
388 0.105946
392 0.106261
396 0.105997
400 0.1062
404 0.10596
408 0.106178
